"","edu2.fm","lab.fm","life.exp","edu.exp","edu.mean","GNI","GII","mat.mor","ado.birth"
"Norway",1.00723888314374,0.890829694323144,81.6,17.5,12.6,64992,0.067,4,7.8
"Australia",0.996828752642706,0.818941504178273,82.4,20.2,13,42261,0.11,6,12.1
"Switzerland",0.98343685300207,0.825100133511348,83,15.8,12.8,56431,0.028,6,1.9
"Denmark",0.988612836438924,0.884036144578313,80.2,18.7,12.7,44025,0.048,5,5.1
"Netherlands",0.969060773480663,0.828611898016997,81.6,17.9,11.9,45435,0.062,6,6.2
"Germany",0.992783505154639,0.807228915662651,80.9,16.5,13.1,43919,0.041,7,3.8
"Ireland",1.02417302798982,0.779735682819383,80.9,18.6,12.2,39568,0.113,9,8.2
"United States",1.00316455696203,0.817126269956459,79.1,16.5,12.9,52947,0.28,28,31
"Canada",1,0.867605633802817,82,15.9,13,42155,0.129,11,14.5
"New Zealand",0.99685204616999,0.840108401084011,81.8,19.2,12.5,32689,0.157,8,25.3
"Singapore",0.914814814814815,0.761658031088083,83,15.4,10.6,76628,0.088,6,6
"Sweden",0.990836197021764,0.888070692194403,82.2,15.8,12.1,45636,0.055,4,6.5
"United Kingdom",0.998998998998999,0.810771470160116,80.7,16.2,13.1,39267,0.177,8,25.8
"Iceland",0.993449781659389,0.910852713178295,82.6,19,10.6,35182,0.087,4,11.5
"Korea (Republic of)",0.864197530864198,0.694868238557559,81.9,16.9,11.9,33890,0.125,27,2.2
"Israel",0.966781214203895,0.837916063675832,82.4,16,12.5,30676,0.101,2,7.8
"Luxembourg",1,0.784829721362229,81.7,13.9,11.7,58711,0.1,11,8.3
"Japan",1.01398601398601,0.693181818181818,83.5,15.3,11.5,36927,0.133,6,5.4
"Belgium",0.934861278648975,0.801011804384486,80.8,16.3,11.3,41187,0.063,6,6.7
"France",0.9375,0.823051948051948,82.2,16,11.1,38056,0.088,12,5.7
"Austria",1,0.806499261447563,81.4,15.7,10.8,43869,0.053,4,4.1
"Finland",1,0.8703125,80.8,17.1,10.3,38695,0.075,4,9.2
"Slovenia",0.977551020408163,0.82753164556962,80.4,16.8,11.9,27852,0.016,7,0.6
"Spain",0.913816689466484,0.797872340425532,82.6,17.3,9.6,32045,0.095,4,10.6
"Italy",0.884472049689441,0.665546218487395,83.1,16,10.1,33030,0.068,4,4
"Czech Republic",1.00200601805416,0.748169838945827,78.6,16.4,12.3,26660,0.091,5,4.9
"Greece",0.888059701492537,0.7072,80.9,17.6,10.3,24524,0.146,5,11.9
"Estonia",1,0.815674891146589,76.8,16.5,12.5,25214,0.164,11,16.8
"Cyprus",0.930232558139535,0.787623066104079,80.2,14,11.6,28633,0.124,10,5.5
"Qatar",1.13050847457627,0.531937172774869,78.2,13.8,9.1,123124,0.524,6,9.5
"Slovakia",0.995979899497487,0.744897959183674,76.3,15.1,12.2,25845,0.164,7,15.9
"Poland",0.928654970760234,0.75346687211094,77.4,15.5,11.8,23177,0.138,3,12.2
"Lithuania",0.944856839872746,0.829123328380386,73.3,16.4,12.4,24500,0.125,11,10.6
"Malta",0.877237851662404,0.571644042232277,80.6,14.4,10.3,27930,0.227,9,18.2
"Saudi Arabia",0.860597439544808,0.257982120051086,74.3,16.3,8.7,52821,0.284,16,10.2
"Argentina",0.977430555555555,0.633333333333333,76.3,17.9,9.8,22050,0.376,69,54.4
"United Arab Emirates",1.19444444444444,0.505434782608696,77,13.3,9.5,60868,0.232,8,27.6
"Chile",0.959424083769633,0.657754010695187,81.7,15.2,9.8,21290,0.338,22,55.3
"Portugal",0.989626556016598,0.829305135951662,80.9,16.3,8.2,25757,0.111,8,12.6
"Hungary",0.991894630192503,0.746666666666667,75.2,15.4,11.6,22916,0.209,14,12.1
"Bahrain",1.10311284046693,0.451093210586881,76.6,14.4,9.4,38599,0.265,22,13.8
"Latvia",0.998989898989899,0.812130177514793,74.2,15.2,11.5,22281,0.167,13,13.5
"Croatia",0.908119658119658,0.76541095890411,77.3,14.8,11,19409,0.149,13,12.7
"Kuwait",0.987566607460036,0.524669073405536,74.4,14.7,7.2,83961,0.387,14,14.5
"Montenegro",0.889123548046463,0.75043630017452,76.2,15.2,11.2,14558,0.171,7,15.2
"Belarus",0.943600867678959,0.793977812995246,71.3,15.7,12,16676,0.151,1,20.6
"Russian Federation",0.968648648648649,0.796373779637378,70.1,14.7,12,22352,0.276,24,25.7
"Oman",0.82661996497373,0.351089588377724,76.8,13.6,8,34858,0.275,11,10.6
"Romania",0.935869565217391,0.750385208012327,74.7,14.2,10.8,18108,0.333,33,31
"Uruguay",1.08151093439364,0.723958333333333,77.2,15.5,8.5,19283,0.313,14,58.3
"Bahamas",1.04109589041096,0.873896595208071,75.4,12.6,10.9,21336,0.298,37,28.5
"Kazakhstan",0.964574898785425,0.869062901155327,69.4,15,11.4,20867,0.267,26,29.9
"Barbados",1.02052451539339,0.860313315926893,75.6,15.4,10.5,12488,0.357,52,48.4
"Bulgaria",0.971786833855799,0.811864406779661,74.2,14.4,10.6,15596,0.212,5,35.9
"Panama",1.08216432865731,0.599022004889976,77.6,13.3,9.3,18192,0.454,85,78.5
"Malaysia",0.91304347826087,0.588079470198675,74.7,12.7,10,22762,0.209,29,5.7
"Mauritius",0.851724137931034,0.587601078167116,74.4,15.6,8.5,17470,0.419,73,30.9
"Trinidad and Tobago",0.980295566502463,0.701986754966887,70.4,12.3,10.9,26090,0.371,84,34.8
"Serbia",0.793478260869565,0.730706075533662,74.9,14.4,10.5,12190,0.176,16,16.9
"Cuba",0.942893401015228,0.62,79.4,13.8,11.5,7301,0.356,80,43.1
"Lebanon",0.956678700361011,0.328631875881523,79.3,13.8,7.9,16509,0.385,16,12
"Costa Rica",1.0039603960396,0.589873417721519,79.4,13.9,8.4,13413,0.349,38,60.8
"Iran (Islamic Republic of)",0.920118343195266,0.22554347826087,75.4,15.1,8.2,15440,0.515,23,31.6
"Venezuela (Bolivarian Republic of)",1.11417322834646,0.64520202020202,74.2,14.2,8.9,16159,0.476,110,83.2
"Turkey",0.65,0.415254237288136,75.3,14.5,7.6,18677,0.359,20,30.9
"Sri Lanka",0.951570680628272,0.46002621231979,74.9,13.7,10.8,9779,0.37,29,16.9
"Mexico",0.919141914191419,0.564455569461827,76.8,13.1,8.5,16056,0.373,49,63.4
"Brazil",1.04198473282443,0.735148514851485,74.5,15.2,7.7,15175,0.457,69,70.8
"Georgia",0.967637540453074,0.752330226364847,74.9,13.8,12.1,7164,0.382,41,46.8
"Azerbaijan",0.962012320328542,0.903735632183908,70.8,11.9,11.2,16428,0.303,26,40
"Jordan",0.885350318471338,0.234234234234234,74,13.5,9.9,11365,0.473,50,26.5
"The former Yugoslav Republic of Macedonia",0.723021582733813,0.638518518518518,75.4,13.4,9.3,11780,0.164,7,18.3
"Ukraine",0.956204379562044,0.795216741405082,71,15.1,11.3,8178,0.286,23,25.7
"Algeria",0.861290322580645,0.210526315789474,74.8,14,7.6,13054,0.413,89,10
"Peru",0.851739788199697,0.808056872037915,74.6,13.1,9,11015,0.406,89,50.7
"Albania",0.930602957906712,0.685496183206107,77.8,11.8,9.3,9943,0.217,21,15.3
"Armenia",0.989473684210526,0.746556473829201,74.7,12.3,10.9,8124,0.318,29,27.1
"Bosnia and Herzegovina",0.643266475644699,0.595113438045375,76.5,13.6,8.3,9638,0.201,8,15.1
"Ecuador",1.01776649746193,0.66142684401451,75.9,14.2,7.6,10605,0.407,87,77
"China",0.816411682892907,0.816091954022989,75.8,13.1,7.5,12547,0.191,32,8.6
"Fiji",0.995348837209302,0.520833333333333,70,15.7,9.9,7493,0.418,59,42.8
"Mongolia",1.01426872770511,0.816738816738817,69.4,14.6,9.3,10729,0.325,68,18.7
"Thailand",0.875,0.796778190830235,74.4,13.5,7.3,13323,0.38,26,41
"Libya",1.32458233890215,0.392670157068063,71.6,14,7.3,14911,0.134,15,2.5
"Tunisia",0.711496746203904,0.354019746121298,74.8,14.6,6.8,10404,0.24,46,4.6
"Colombia",1.02338129496403,0.700125470514429,74,13.5,7.3,12040,0.429,83,68.5
"Jamaica",1.05413105413105,0.791255289139633,75.7,12.4,9.7,7415,0.43,80,70.1
"Tonga",0.990939977349943,0.7171581769437,72.8,14.7,10.7,5069,0.666,120,18.1
"Belize",1.00791556728232,0.597812879708384,70,13.6,10.5,7614,0.426,45,71.4
"Dominican Republic",1.04708097928437,0.652671755725191,73.5,13.1,7.6,11883,0.477,100,99.6
"Suriname",0.94692144373673,0.588662790697674,71.1,12.7,7.7,15617,0.463,130,35.2
"Maldives",0.834862385321101,0.725161290322581,76.8,13,5.8,12328,0.243,31,4.2
"Samoa",1.07166666666667,0.402397260273973,73.4,12.9,10.3,5327,0.457,58,28.3
"Botswana",0.944801026957638,0.881127450980392,64.5,12.5,8.9,16646,0.48,170,44.2
"Moldova (Republic of)",0.968944099378882,0.850678733031674,71.6,11.9,11.2,5223,0.248,21,29.3
"Egypt",0.724422442244224,0.316844919786096,71.1,13.5,6.6,10512,0.573,45,43
"Gabon",1.49307479224377,0.859327217125382,64.4,12.5,7.8,16367,0.514,240,103
"Indonesia",0.810975609756098,0.610451306413302,68.9,13,7.6,9788,0.494,190,48.3
"Paraguay",0.855813953488372,0.65683962264151,72.9,11.9,7.7,7643,0.472,110,67
"Philippines",1.03453689167975,0.641154328732748,68.2,11.3,8.9,7915,0.42,120,46.8
"El Salvador",0.844036697247706,0.605063291139241,73,12.3,6.5,7349,0.427,69,76
"South Africa",0.957839262187088,0.735537190082645,57.4,13.6,9.9,12122,0.407,140,50.9
"Viet Nam",0.834269662921348,0.888077858880779,75.8,11.9,7.5,5092,0.308,49,29
"Bolivia (Plurinational State of)",0.805414551607445,0.793572311495674,68.3,13.2,8.2,5760,0.444,200,71.9
"Kyrgyzstan",0.976239669421488,0.70440251572327,70.6,12.5,10.6,3044,0.353,75,29.3
"Iraq",0.553784860557769,0.213467048710602,69.4,10.1,6.4,14003,0.539,67,68.7
"Guyana",1.26150627615063,0.529192546583851,66.4,10.3,8.5,6522,0.515,250,88.5
"Nicaragua",1.02872062663185,0.590286425902864,74.9,11.5,6,4457,0.449,100,100.8
"Morocco",0.685430463576159,0.349604221635884,74,11.6,4.4,6850,0.525,120,35.8
"Namibia",0.968023255813953,0.858712715855573,64.8,11.3,6.2,9418,0.401,130,54.9
"Guatemala",0.943965517241379,0.558956916099773,71.8,10.7,5.6,6929,0.533,140,97.2
"Tajikistan",1.04276315789474,0.763942931258106,69.4,11.2,10.4,2517,0.357,44,42.8
"India",0.477031802120141,0.337922403003755,68,11.7,5.4,5497,0.563,190,32.8
"Honduras",1.08527131782946,0.516284680337756,73.1,11.1,5.5,3938,0.48,120,84
"Bhutan",0.985507246376812,0.863989637305699,69.5,12.6,3,7176,0.457,120,40.9
"Syrian Arab Republic",0.728395061728395,0.185694635488308,69.6,12.3,6.3,2728,0.533,49,41.6
"Congo",0.84468085106383,0.938356164383562,62.3,11.1,6.1,6012,0.593,410,126.7
"Zambia",0.586363636363636,0.853971962616822,60.1,13.5,6.6,3734,0.587,280,125.4
"Ghana",0.698608964451314,0.942577030812325,61.4,11.5,7,3852,0.554,380,58.4
"Bangladesh",0.825665859564165,0.682520808561237,71.6,10,5.1,3191,0.503,170,80.6
"Cambodia",0.432314410480349,0.910982658959538,68.4,10.9,4.4,2949,0.477,170,44.3
"Kenya",0.805732484076433,0.859116022099447,61.6,11,6.3,2762,0.552,400,93.6
"Nepal",0.463350785340314,0.917336394948335,69.6,12.4,3.3,2311,0.489,190,73.7
"Pakistan",0.418655097613883,0.296743063932449,66.2,7.8,4.7,4866,0.536,170,27.3
"Myanmar",1.49673202614379,0.913730255164034,65.9,8.6,4.1,4608,0.413,200,12.1
"Swaziland",0.842307692307692,0.613128491620112,49,11.3,7.1,5542,0.557,310,72
"Tanzania (United Republic of)",0.589473684210526,0.976718403547672,65,9.2,5.1,2411,0.547,410,122.7
"Cameroon",0.610315186246418,0.830729166666667,55.5,10.4,6,2803,0.587,590,115.8
"Zimbabwe",0.785483870967742,0.927536231884058,57.5,10.9,7.3,1615,0.504,470,60.3
"Mauritania",0.397129186602871,0.36283185840708,63.1,8.5,3.8,3560,0.61,320,73.3
"Papua New Guinea",0.524137931034483,0.952702702702703,62.6,9.9,4,2463,0.611,220,62.1
"Yemen",0.322097378277154,0.35180055401662,63.8,9.2,2.6,3519,0.744,270,47
"Lesotho",1.15263157894737,0.802721088435374,49.8,11.1,5.9,3306,0.541,490,89.4
"Togo",0.399503722084367,0.991389913899139,59.7,12.2,4.5,1228,0.588,450,91.5
"Haiti",0.636363636363636,0.857746478873239,62.8,8.7,4.9,1669,0.603,380,42
"Rwanda",0.909090909090909,1.01289566236811,64.2,10.3,3.7,1458,0.4,320,33.6
"Uganda",0.683582089552239,0.957070707070707,58.5,9.8,5.4,1613,0.538,360,126.6
"Benin",0.418518518518519,0.863346104725415,59.6,11.1,3.3,1767,0.614,340,90.2
"Sudan",0.664835164835165,0.411842105263158,63.5,7,3.1,3809,0.591,360,84
"Senegal",0.467532467532468,0.75,66.5,7.9,2.5,2188,0.528,320,94.4
"Afghanistan",0.197986577181208,0.19874213836478,60.4,9.3,3.2,1885,0.693,400,86.8
"Côte d'Ivoire",0.465116279069767,0.643734643734644,51.5,8.9,4.3,3171,0.679,720,130.3
"Malawi",0.513888888888889,1.03803680981595,62.8,10.8,4.3,747,0.611,510,144.8
"Ethiopia",0.428571428571429,0.875699888017917,64.1,8.5,2.4,1428,0.558,420,78.4
"Gambia",0.552380952380952,0.870928829915561,60.2,8.8,2.8,1507,0.622,430,115.8
"Congo (Democratic Republic of the)",0.395061728395062,0.965846994535519,58.7,9.8,6,680,0.673,730,135.3
"Liberia",0.391857506361323,0.898148148148148,60.9,9.5,4.1,805,0.651,640,117.4
"Mali",0.509933774834437,0.624078624078624,58,8.4,2,1583,0.677,550,175.6
"Mozambique",0.225806451612903,1.03260869565217,55.1,9.3,3.2,1123,0.591,480,137.8
"Sierra Leone",0.460829493087558,0.952173913043478,50.9,8.6,3.1,1780,0.65,1100,100.7
"Burkina Faso",0.28125,0.856666666666667,58.7,7.8,1.4,1591,0.631,400,115.4
"Burundi",0.63855421686747,1.01585365853659,56.7,10.1,2.7,758,0.492,740,30.3
"Chad",0.171717171717172,0.808080808080808,51.6,7.4,1.9,2085,0.706,980,152
"Central African Republic",0.378277153558052,0.853113983548766,50.7,7.2,4.2,581,0.655,880,98.3
"Niger",0.307692307692308,0.445930880713489,61.4,5.4,1.5,908,0.713,630,204.8
